phe_tomato
2.181282
43.516792
-10.878051
12.080557
-16.67708
-27.577232
9.321239
9.528223
49.942634
-19.552613
-0.966603
-18.222664
21.979367
8.35801
-2.705439
1.048159
-14.09707
33.209227
15.517835
5.537134
5.380187
-8.050022
-4.479157
17.748902
-1.812843
-13.412084
1.368739
-3.723486
-9.549531
-6.725816
4.852631
7.786111
3.218836
4.73051
3.226181
0.101507
-11.815174
-0.095167
-1.093054
-2.13802
-2.164198
-0.390017
-12.820299
11.294288
-11.050247
16.494942
-8.734587
-4.799625
-8.247994
1.691861
-5.29375
2.25876
-6.468663
21.126362
2.177169
-19.458458
3.000573
-7.69169
-4.505644
3.978617
-18.060903
-18.677417
0.155554
2.595573
5.675203
-16.223586
-3.593156
6.979996
6.30721
25.0462
3.740992
-11.95565
21.247653
4.259432
-6.09149
-12.324505
3.497092
1.327926
7.065916
-3.308521
25.49436
-2.114109
2.046556
-1.493946
-2.428144
15.091874
17.520436
-9.094206
-34.02888
0.397829
-2.64839
-1.499524
0.027697
-1.387595
16.151259
5.109627
-24.486138
31.958724
3.301675
5.750586
8.630619
11.857995
32.238875
-2.621045
1.831168
2.756661
1.325233
-4.542107
-9.128766
20.142366
-7.954978
-0.298227
-2.029574
-11.732531
-5.485713
1.91178
38.761384
4.095441
-2.074687
1.205108
-4.88301
1.207887
-5.040217
19.103978
-5.454508
-5.075369
4.878462
19.348682
-6.886205
-2.009989
12.272351
-11.014993
-4.070167
-2.213008
-14.226149
-17.2232
-12.909525
-11.54108
12.31729
12.999646
2.351366
-1.092813
-9.889094
19.021277
40.055471
11.955498
-10.059795
-14.474494
-0.689083
7.235296
4.948534
8.531362
-3.609866
-10.157604
-1.009038
-9.689039
-6.640339
1.359155
-2.806721
-12.737864
9.416681
-2.245577
-4.832393
-13.310017
2.04424
2.997994
0.660277
-8.742536
-8.021588
1.525476
-12.39729
2.713844
2.894802
11.028242
-3.825494
-16.311814
11.862893
-14.175726
-12.370371
42.706945
5.357315
-2.336561
7.34306
-5.54067
-5.9492
-1.550567
-6.586981
-3.765968
17.584001
1.407784
-13.817694
-10.436914
11.862551
-23.18726
-6.268504
-3.90253
-7.421873
10.186673
-4.528715
0.534684
37.079399
18.8096
12.771932
2.562668
0.108036
-7.615804
-8.624131
-1.106011
-2.452151
-10.06753
-5.177772
-2.857659
4.27824
-2.365183
-0.881967
0.216005
-9.549384
3.479287
5.159532
-1.037158
-2.630087
-8.848486
-0.554988
-0.748936
-14.292441
1.647145
-4.375904
-8.202983
-10.088489
-7.454469
-7.520681
-7.479878
-2.415281
-7.547655
22.866012
-5.970078
-12.156602
-16.83864
-1.21966
2.1983
-6.259174
-1.377939
-11.817389
1.693996
10.86396
11.612474
0.787748
5.105876
-2.687161
3.752446
-2.468681
13.748917
-11.728085
1.954875
9.703806
-1.6465
3.341125
13.953684
-9.920532
-0.651924
6.607804
-3.101642
-9.981121
-4.835933
-3.572475
-16.18969
-4.636309
-11.499174
-2.551313
23.425441
2.443487
-7.071442
-1.223269
18.874342
-1.97336
-2.148107
-0.814485
-10.929237
1.847379
-7.781523
6.127977
3.021683
-4.906765
-19.758367
-3.087621
11.75424
-4.478179
11.599452
-0.495398
-13.399209
-6.010125
5.17194
13.554041
-4.066003
-0.672187
1.155257
-13.309075
-23.391968
-14.302274
-5.398697
2.052983
-10.805858
-1.88388
13.095658
3.123574
-3.481594
8.524952
-7.773437
7.103915
-2.007152
-9.957807
1.694102
-9.59384
0.059172
3.132728
-0.016369
10.598501
2.500748
-3.981635
-5.391797
4.854277
-3.016357
14.995735
2.287444
-0.869475
-6.367534
4.911617
-6.81937
-9.046854
1.671168
10.316748
-3.432388
